0.478758 0.025129
0.366511 0.016407
0.448615 0.018417
0.346807 0.018346
0.275826 0.01538
0.296333 0.015671
0.279338 0.014759
0.251899 0.014301
0.229119 0.011934
0.195153 0.011766
0.207097 0.012049
0.204558 0.010358
0.198588 0.010547
0.204574 0.01066
0.168847 0.008467
0.196329 0.01073
0.182014 0.009104
0.144214 0.008617
0.160819 0.009147
0.157147 0.007842
0.133383 0.007814
0.157564 0.007564
0.163011 0.00798
0.154138 0.007778
0.155991 0.00761
0.144463 0.007119
0.156047 0.00809
0.149282 0.007577
0.157702 0.008113
0.134472 0.007627
0.132512 0.007984
0.134723 0.008016
0.133543 0.008058
0.13219 0.008034
0.141945 0.008069
0.162684 0.00802
0.134683 0.007591
0.148752 0.008057
0.142557 0.007118
0.134254 0.008027
0.147665 0.008068
0.155657 0.00801
0.134718 0.007614
0.155662 0.007653
0.135212 0.007506
0.156438 0.007582
0.158584 0.008069
0.134331 0.007677
0.157516 0.00757
0.161786 0.007589
0.158011 0.007944
0.150708 0.007684
0.138272 0.007888
0.150404 0.00784
0.134256 0.007601
0.150569 0.007591
0.133862 0.007386
0.135017 0.007662
0.145309 0.007882
0.152016 0.007493
0.156058 0.007574
0.145729 0.007566
0.156409 0.007199
0.147846 0.008231
0.139661 0.008176
0.136563 0.00863
0.161638 0.008257
0.16241 0.009487
0.15568 0.008406
0.139807 0.007775
0.166818 0.007603
0.143363 0.009513
0.1622 0.008565
0.14973 0.007665
0.158007 0.008432
0.149917 0.007325
0.148384 0.008001
0.15143 0.007395
0.127747 0.00748
0.150385 0.007621
0.140813 0.007609
0.140893 0.008036
0.157617 0.007445
0.135438 0.007595
0.142458 0.00799
0.155986 0.007387
0.131905 0.007713
0.146384 0.007745
0.156142 0.007618
0.154014 0.007975
0.131858 0.007237
0.156531 0.007507
0.153582 0.007672
0.128827 0.00747
0.150049 0.007132
0.157103 0.008019
0.144554 0.007061
0.148878 0.007485
0.140354 0.007623
0.15083 0.007151
Average: 0.167764 0.00882557
