0.3067 0.211825
0.176119 0.149574
0.176521 0.101333
0.152372 0.085149
0.106004 0.076575
0.097745 0.088059
0.094846 0.102524
0.099768 0.070053
0.165835 0.110701
0.075643 0.077465
0.084278 0.073843
0.094636 0.10251
0.17601 0.079124
0.108192 0.074886
0.075604 0.080642
0.106647 0.075573
0.096434 0.066561
0.175919 0.092671
0.081866 0.112827
0.076 0.275002
0.165523 0.073537
0.371181 0.088764
0.112364 0.159513
0.084167 0.080713
0.137496 0.068276
0.120691 0.152719
0.071753 0.150519
0.130093 0.076049
0.292213 0.067353
0.10127 0.269924
0.134377 0.101877
0.109263 0.091347
0.088352 0.087899
0.100942 0.291788
0.155227 0.075201
0.111072 0.082901
0.269945 0.117602
0.087806 0.087
0.076744 0.083953
0.103777 0.080573
0.082152 0.077336
0.086361 0.070973
0.083577 0.073726
0.078919 0.069316
0.122165 0.082444
0.079122 0.080508
0.082597 0.124185
0.078623 0.070971
0.07647 0.084285
0.103685 0.082943
0.079647 0.086064
0.139742 0.073868
0.078109 0.068363
0.074457 0.063866
0.077411 0.073135
0.10469 0.071131
0.080618 0.086141
0.076498 0.083091
0.078259 0.084924
0.076145 0.079411
0.103811 0.088683
0.211011 0.080381
0.099457 0.079373
0.079799 0.073734
0.076135 0.094779
0.106404 0.075156
0.079085 0.072782
0.102133 0.080083
0.095453 0.072002
0.078757 0.067634
0.074896 0.093229
0.074147 0.09717
0.131566 0.072668
0.079581 0.105358
0.082256 0.090578
0.079575 0.093648
0.178783 0.073651
0.08428 0.09928
0.13476 0.065509
0.075123 0.074137
0.07737 0.081693
0.075554 0.086463
0.076952 0.075625
0.084985 0.141439
0.085112 0.077149
0.084761 0.101944
0.082423 0.078481
0.085026 0.069857
0.081677 0.076147
0.08749 0.086957
0.084385 0.071492
0.084236 0.073712
0.104774 0.076894
0.084258 0.084666
0.082703 0.07944
0.088328 0.077291
0.075109 0.195357
0.109122 0.075364
0.098438 0.086276
0.093216 0.090671
Average: 0.108436 0.0941784
