0.123616 
0.124896 
0.124928 
0.124960 
0.122880 
0.123904 
0.128000 
0.125952 
0.122880 
0.122880 
0.124928 
0.139136 
0.145408 
0.125952 
0.145408 
0.217088 
0.136448 
0.150688 
0.192512 
0.141312 
0.128736 
0.241632 
0.153856 
0.136160 
0.266240 
0.149760 
0.140064 
0.246784 
0.143072 
0.137120 
0.126784 
0.124000 
0.130816 
0.124928 
0.121856 
0.122592 
0.133120 
0.129984 
0.132096 
0.131072 
0.128064 
0.132096 
0.126976 
0.124928 
0.124800 
0.137216 
0.123840 
0.137216 
0.128896 
0.123904 
0.125888 
0.125952 
0.130048 
0.122048 
0.124000 
0.130816 
0.137216 
0.123968 
0.124928 
0.128256 
0.131072 
0.141632 
0.125248 
0.125952 
0.123872 
0.125088 
0.133152 
0.123680 
0.123168 
0.131072 
0.124800 
0.130784 
0.123712 
0.122784 
0.122880 
0.121856 
0.132384 
0.158016 
0.199680 
0.138240 
0.159744 
0.132288 
0.128000 
0.132128 
0.167936 
0.143360 
0.140096 
0.134144 
0.128256 
0.161088 
0.154624 
0.124928 
0.123648 
0.121536 
0.130048 
0.129024 
0.119040 
0.130752 
0.131072 
0.121856 
Average: 0.137181
