2601 0.107904
2601 0.10112
2563 0.110784
2579 0.106496
2543 0.113984
2556 0.10384
2587 0.108512
2577 0.105632
2668 0.10848
2702 0.103776
2575 0.106912
2584 0.102048
2544 0.100672
2662 0.108704
2557 0.113248
2669 0.103584
2644 0.10832
2562 0.116192
2563 0.116672
2670 0.10928
2644 0.105856
2579 0.105024
2650 0.102752
2645 0.10848
2671 0.101408
2646 0.102272
2559 0.113344
2662 0.108448
2575 0.108544
2593 0.102048
2605 0.105504
2662 0.103968
2650 0.110656
2575 0.108256
2665 0.106592
2665 0.136864
2621 0.104512
2545 0.099904
2559 0.10448
2645 0.101632
2667 0.103104
2662 0.117408
2559 0.104256
2543 0.105216
2543 0.10048
2685 0.100704
2560 0.105024
2645 0.10624
2683 0.162688
2664 0.106208
2676 0.107872
2577 0.118272
2569 0.101888
2573 0.10752
2561 0.10448
2644 0.10496
2566 0.10256
2571 0.10576
2571 0.1008
2577 0.104032
2560 0.105984
2597 0.104032
2683 0.10448
2569 0.13008
2683 0.106944
2646 0.10432
2667 0.113408
2678 0.106624
2646 0.101568
2591 0.102976
2581 0.105024
2560 0.099936
2558 0.105472
2645 0.112864
2560 0.1032
2644 0.103712
2644 0.113024
2555 0.105536
2547 0.106496
2664 0.103424
2545 0.10304
2693 0.102464
2559 0.1128
2684 0.104448
2549 0.101984
2560 0.113312
2562 0.10832
2558 0.104256
2672 0.101376
2543 0.116128
2563 0.106208
2643 0.106464
2558 0.105984
2617 0.099904
2649 0.100448
2576 0.105024
2578 0.108992
2663 0.10496
2560 0.102272
2587 0.108448
Average: 2607.16 0.107221
