97.859138
93.847359
76.709251
76.051582
75.738365
75.722878
75.413857
73.226913
72.892288
72.901283
72.906624
72.982399
72.908989
72.900963
72.937309
72.908318
73.077888
72.912766
72.927071
72.998787
74.299011
73.120323
72.925987
72.916000
72.903267
72.907806
72.900192
72.907204
72.909630
72.903328
72.907135
72.912354
72.906593
72.911774
72.898590
72.911201
72.902496
72.900894
72.901154
72.905853
72.904449
72.904289
72.906883
72.921951
72.905121
72.903778
72.902756
72.908737
72.902237
72.906975
72.893219
72.901474
72.906174
72.905121
72.916862
72.906143
72.917343
72.916962
72.895775
72.908768
72.917473
72.904770
72.911201
72.911293
72.908478
72.915619
72.916611
72.908989
72.912254
72.936356
73.204674
73.194878
73.196220
73.195747
73.197021
73.187424
73.186493
73.190659
73.200737
73.189987
73.195137
73.186142
73.187042
73.187393
73.218048
73.212067
73.191551
73.203522
73.187233
73.192093
73.218880
73.208191
73.194847
73.192764
73.291458
73.196770
73.222176
73.198494
73.191772
73.186531
Average: 73.6286 ms
