136.418000
156.730000
150.458000
148.245000
149.018000
153.908000
139.732000
139.108000
139.889000
140.293000
139.965000
140.649000
140.424000
140.176000
139.111000
136.679000
138.900000
141.136000
140.079000
139.854000
140.500000
139.240000
140.084000
139.088000
139.823000
138.461000
137.846000
140.187000
139.201000
140.569000
138.977000
139.379000
139.519000
138.947000
138.729000
138.318000
140.178000
139.272000
139.184000
140.005000
139.649000
139.549000
139.741000
138.555000
137.878000
138.462000
139.299000
140.673000
138.421000
137.770000
139.704000
139.513000
140.407000
138.715000
140.128000
140.682000
139.154000
138.795000
140.182000
139.003000
137.588000
139.505000
139.988000
139.460000
140.252000
140.212000
138.836000
139.263000
137.145000
137.270000
150.729000
138.281000
138.793000
137.976000
139.074000
139.550000
139.479000
139.486000
139.318000
140.627000
140.007000
138.671000
139.396000
139.761000
139.246000
140.409000
138.797000
139.654000
141.012000
140.106000
139.220000
138.751000
139.875000
138.804000
139.495000
138.523000
139.537000
138.464000
139.330000
138.565000
Average: 140.05 ms
