15.477152
14.561568
14.713632
14.581344
14.600928
14.569088
14.566368
14.585280
14.570944
14.564512
14.567552
14.559488
14.570624
14.562272
14.552352
14.564704
14.572608
14.561536
14.590048
14.578624
14.570016
14.560480
14.561824
14.567648
14.562528
14.570688
14.568864
14.565856
14.563488
14.569312
14.563424
14.571808
14.563360
14.556576
14.569152
14.569600
14.564672
14.562560
14.569312
14.560672
14.561536
14.583104
14.571072
14.566720
14.557600
14.563136
14.567872
14.561568
14.564256
14.573024
14.568480
14.572000
14.569120
14.567904
14.565600
14.567392
14.566464
14.563392
14.561504
14.564416
14.576064
14.569152
14.564192
14.562624
14.575712
14.561568
14.570304
14.557600
14.560192
14.562784
14.561888
14.563712
14.570976
14.562144
14.571456
14.572384
14.616352
14.564544
14.563680
14.562272
14.625920
14.584032
14.568480
14.612800
14.560160
14.568288
14.571680
14.556544
14.567488
14.571232
14.572928
14.561472
14.562176
14.559328
14.556480
14.581472
14.571648
14.561920
14.563936
14.573728
Average: 14.5794 ms
