137.382000
144.284000
150.224000
162.668000
148.309000
142.524000
138.657000
145.349000
140.981000
152.483000
145.067000
139.652000
142.146000
144.615000
139.614000
145.110000
150.179000
142.406000
143.478000
138.887000
154.794000
148.507000
145.788000
139.789000
139.649000
140.026000
140.336000
144.759000
152.090000
139.455000
139.250000
140.123000
138.642000
140.126000
139.919000
134.052000
141.819000
143.598000
140.978000
140.392000
139.705000
150.034000
144.357000
138.519000
139.086000
140.231000
151.073000
141.530000
139.012000
140.040000
139.836000
139.254000
140.799000
144.359000
149.619000
141.028000
138.705000
141.527000
140.939000
142.623000
138.001000
138.496000
146.224000
141.230000
138.189000
140.767000
139.151000
139.222000
139.063000
140.497000
139.954000
140.966000
139.151000
139.943000
144.979000
142.965000
138.638000
145.538000
145.610000
138.532000
138.410000
136.605000
143.018000
139.861000
143.371000
137.252000
140.610000
138.141000
142.491000
144.050000
142.122000
145.075000
160.518000
152.610000
140.502000
144.951000
149.855000
140.688000
139.961000
142.731000
Average: 142.603 ms
