14.612064
14.590336
14.562528
14.571680
14.610048
14.614720
14.565632
14.570336
14.568000
14.586624
14.563200
14.564512
14.573888
14.578624
14.564128
14.562784
14.563648
14.570528
14.562528
14.564256
14.559872
14.559872
14.569920
14.562848
14.573472
14.573024
14.561120
14.584512
14.557408
14.574080
14.564384
14.567616
14.571328
14.564384
14.566624
14.576896
14.563360
14.565440
14.564800
14.560800
14.567488
14.555584
14.565856
14.570080
14.567648
14.597760
14.563264
14.577856
14.568128
14.560672
14.566752
14.576576
14.579872
14.554496
14.573024
14.560160
14.570240
14.559072
14.564512
14.561280
14.578496
14.562496
14.580576
14.564832
14.559424
14.562304
14.566752
14.581920
14.565824
14.563424
14.565952
14.570080
14.573664
14.566528
14.567936
14.567456
14.568992
14.566592
14.558848
14.564544
14.563424
14.574496
14.570176
14.569312
14.567872
14.564320
14.567520
14.572096
14.564576
14.564480
14.566144
14.556736
14.589984
14.561568
14.559616
14.579456
14.577376
14.564992
14.566560
14.565472
Average: 14.5694 ms
