8.801376
8.692800
8.720832
8.709600
8.753024
8.744416
8.694272
8.688608
8.741152
8.707040
8.734464
8.683776
8.702560
8.735552
9.005216
8.700320
8.702112
8.685152
8.707040
8.701088
8.720960
8.698816
8.710560
8.741760
8.717472
8.712064
8.711488
8.737984
8.670144
8.686048
8.724640
8.729792
8.774848
8.725824
8.768608
8.715040
8.711808
8.713280
8.931840
8.729376
8.687232
8.699232
8.733568
8.710016
8.693824
8.696768
8.726784
8.707904
8.726304
8.693408
8.711616
8.716032
8.692384
8.692736
8.708800
8.695168
8.691968
8.695488
8.688768
8.701696
8.688576
8.690496
8.705984
8.734048
8.692992
8.674336
8.728896
8.695872
8.646912
8.677248
8.717536
8.707488
8.685856
8.683840
8.711616
8.686304
8.689536
8.709952
8.704672
8.668864
8.648640
8.628000
8.652960
8.669664
8.667296
8.653888
8.664352
8.663008
8.642368
8.681280
8.677472
8.644512
8.659264
8.642016
8.672640
8.651296
8.617760
8.662624
8.656640
8.659456
Average: 8.70329 ms
