23.468161
23.075359
23.005535
23.187391
23.071169
23.036545
23.062208
23.125025
23.151039
23.009377
23.151936
23.050943
23.048449
23.093409
23.068800
23.108480
23.100063
23.131008
23.147360
23.127808
23.118208
23.065121
23.129761
23.068672
23.145536
23.079519
23.139681
23.264000
23.122112
23.121281
23.195007
23.046881
23.195072
23.129248
23.142689
23.018688
23.033537
23.201857
23.226112
23.098047
23.225376
23.062719
23.098175
23.395456
23.118048
23.183264
23.169312
23.041985
23.129856
23.027391
23.026432
23.010176
23.012512
23.079041
23.050465
23.068960
23.080608
23.147520
23.019520
23.178911
23.118401
23.066336
23.061089
23.139809
23.040031
23.111103
23.112961
23.090048
23.013023
23.030815
23.110815
23.028481
23.086945
23.078720
23.152992
23.057632
23.089567
23.148928
23.002081
23.000065
23.103935
23.078625
23.012928
23.029472
23.123968
23.141537
23.035168
23.043488
23.024128
23.178144
23.227167
23.054785
23.167200
23.036800
22.941696
23.123552
23.049503
23.127680
23.124895
23.078943
Average: 23.1013 ms
