0.121856
0.112448
0.109568
0.123712
0.119808
0.114688
0.128000
0.116736
0.111616
0.114944
0.123904
0.118784
0.112640
0.110592
0.108544
0.108544
0.109568
0.118784
0.110592
0.109536
0.116640
0.115712
0.113664
0.111488
0.110592
0.110752
0.140288
0.117696
0.114688
0.122880
0.119808
0.109568
0.116736
0.111616
0.116512
0.115712
0.112352
0.108352
0.112800
0.115424
0.118784
0.110432
0.123904
0.115712
0.123744
0.117632
0.113664
0.109568
0.111392
0.110592
0.108544
0.109600
0.118784
0.116736
0.117760
0.120832
0.121856
0.120832
0.115712
0.111424
0.200704
0.114688
0.109568
0.115392
0.319488
0.120832
0.116992
0.121632
0.179200
0.178176
0.124928
0.116736
0.115488
0.117760
0.132992
0.116512
0.179200
0.139264
0.145280
0.114368
0.111616
0.114880
0.121696
0.110496
0.108544
0.110528
0.111616
0.111392
0.109344
0.118784
0.109568
0.122688
0.113312
0.119808
0.109568
0.113792
0.115712
0.141312
0.199584
0.249760
Average: 0.123388 ms
