14.633312
14.576128
14.589664
14.577440
14.594912
14.794208
14.588736
14.625088
14.562976
14.616032
14.689568
14.595840
14.616288
14.766400
14.624032
14.965184
14.600704
14.607168
14.583232
14.613856
14.605920
14.590272
14.633440
14.613120
14.576896
14.738624
14.599616
14.695520
14.624672
14.608928
14.645088
14.600416
14.713984
14.616896
14.581632
14.646464
14.590880
14.587104
14.637696
14.595872
14.619392
14.614240
14.619072
14.927136
14.602592
14.621568
14.600864
14.595424
14.620832
14.617792
14.599840
14.787552
14.601088
14.661216
14.621632
14.600576
14.613184
14.611008
14.622368
14.620352
14.606240
14.677536
14.626112
14.565984
14.624032
14.592512
15.075104
14.712416
14.597792
14.611232
14.590784
14.574912
14.635648
14.653088
14.607904
14.619872
14.613152
14.843424
14.581856
14.562400
14.613792
14.589312
14.620704
14.911904
14.567936
14.672032
14.572736
14.627776
14.635936
14.603360
14.635168
14.639456
14.609088
14.719520
14.619552
14.763712
14.626048
14.594912
14.678368
14.597344
Average: 14.6397 ms
