12.172736
11.942624
11.779296
11.775008
11.766368
11.763488
11.868928
11.774208
11.740128
12.037312
11.810368
11.859872
11.773344
11.772128
11.767136
11.767296
11.744512
11.770400
11.848160
11.839616
11.776928
11.757984
11.750688
11.798208
11.758912
11.738368
11.760608
11.803680
11.756896
11.738016
11.748896
11.754016
11.753664
11.763168
11.737600
11.762624
11.751424
11.751296
11.728320
11.742016
11.746912
11.803904
11.776608
11.753920
11.764864
11.760416
11.860736
11.779520
11.776992
11.770336
11.872704
11.777952
11.727456
11.748896
11.728160
11.749760
11.746528
11.756704
11.746688
11.758368
11.951552
11.729216
11.734784
11.737088
11.716256
11.765408
11.759904
11.739744
11.742432
11.737280
11.794560
11.756448
11.753664
11.834976
11.767392
11.980640
11.755136
11.763968
11.750016
11.795520
11.755776
11.737504
11.732512
11.752864
11.745344
11.740640
11.758208
11.775648
11.755456
11.728256
11.790240
11.801728
11.739616
11.777216
11.738208
11.733088
11.795936
11.758304
11.826432
11.774240
Average: 11.779 ms
