0.176128
0.121856
0.114688
0.122880
0.149504
0.207872
0.123616
0.118560
0.131072
0.116640
0.399456
0.410624
0.131072
0.239616
0.161568
0.122880
0.180224
0.169824
0.128000
0.120832
0.114688
0.114688
0.125888
0.124928
0.166912
0.195584
0.133120
0.190464
0.118784
0.124608
0.129024
0.124928
0.130112
0.408576
0.145408
0.122560
0.131072
0.116736
0.138240
0.126144
0.122880
0.252064
0.286816
0.129024
0.168960
0.402432
0.257024
0.166912
0.117760
0.126976
0.136384
0.125696
0.132096
0.130976
0.175104
0.129024
0.166912
0.151552
0.178176
0.134144
0.139264
0.148480
0.136192
0.144384
0.136192
0.129024
0.125952
0.152352
0.150528
0.131072
0.132096
0.126976
0.177152
0.126976
0.136960
0.132096
0.125952
0.126880
0.185504
0.192512
0.130048
0.132096
0.124928
0.118784
0.138240
0.115648
0.129024
0.452608
0.129024
0.410624
0.149504
0.123904
0.125952
0.119808
0.125856
0.132096
0.126976
0.117536
0.139104
0.130048
Average: 0.159486 ms
