0.197824
0.126976
0.123904
0.122880
0.128000
0.150528
0.220160
0.139040
0.164864
0.156672
0.130912
0.161792
0.113664
0.111488
0.115712
0.112960
0.112640
0.114688
0.125952
0.120960
0.159744
0.140160
0.145248
0.150528
0.119776
0.272384
0.172032
0.208896
0.126944
0.125952
0.120832
0.120128
0.113472
0.126976
0.119808
0.141312
0.119808
0.122880
0.196608
0.246784
0.152576
0.128000
0.138240
0.120832
0.123904
0.114688
0.115584
0.112640
0.125952
0.115616
0.115712
0.114592
0.114464
0.186368
0.133120
0.128000
0.116736
0.117760
0.128768
0.129024
0.122880
0.176928
0.131072
0.117760
0.123904
0.123904
0.123904
0.112416
0.118560
0.120832
0.117728
0.120832
0.115712
0.124768
0.118784
0.122880
0.117760
0.122880
0.124928
0.141312
0.200704
0.126976
0.129728
0.125920
0.126976
0.131968
0.124864
0.126752
0.121856
0.232640
0.131040
0.132096
0.132384
0.143360
0.116832
0.129024
0.134144
0.176032
0.204800
0.225408
Average: 0.138077 ms
