23.315424
23.159679
22.841728
22.891745
22.931520
22.931168
22.902559
22.846720
22.969215
23.012192
23.085377
22.869696
22.971935
22.993824
22.911808
22.821665
22.944609
23.025152
22.956320
22.912096
22.933985
22.857727
22.865631
22.949505
22.915873
22.816959
22.906143
22.975264
22.955263
23.111679
22.838400
22.953760
22.846592
22.850912
22.876320
23.151775
23.126017
23.119713
22.908640
22.940063
23.062817
22.858816
22.936256
22.930624
22.899296
23.002625
22.935904
22.936352
22.825279
23.082945
22.942432
22.914560
23.011072
22.812063
22.889503
22.957409
22.935616
22.780449
22.945696
22.954336
23.192257
23.050177
22.927135
23.338049
22.986496
22.999008
23.014175
23.085279
23.320704
22.931904
23.116192
22.912001
22.861631
22.908159
23.024223
22.867296
22.936352
22.900320
22.918720
22.984833
22.849888
23.111937
22.914783
23.022432
22.874016
23.018816
22.919168
22.959232
22.921728
22.984991
22.894432
22.820095
22.860161
22.796320
22.972256
22.892481
22.869600
22.891232
22.872896
22.885408
Average: 22.9542 ms
