6.597088
6.631744
6.542976
6.574048
7.263904
6.866816
6.861600
6.894816
6.893664
6.872992
6.861216
6.813696
6.812768
6.829824
6.719552
6.850016
6.868288
6.876576
6.761792
6.743936
6.868544
6.969280
6.863008
6.847680
6.844512
6.775872
6.940384
6.833984
6.899008
6.824832
7.020000
6.920416
6.817088
6.767744
6.778912
6.906976
6.704224
6.849568
6.824192
6.845024
6.846368
6.718560
6.838208
6.770592
6.842496
6.820256
6.834528
6.768320
6.874432
6.902816
6.730208
6.860640
6.840704
6.883488
6.787616
6.988160
6.810080
6.771104
6.850336
6.735488
6.801376
6.839904
6.835456
6.825184
6.834112
6.918976
6.802144
6.830112
6.812896
6.835904
6.859744
6.864096
6.771392
6.756704
6.737952
6.811840
6.776128
6.871520
6.830464
6.929440
6.892160
6.800480
6.848608
6.901152
6.808704
6.832032
6.843680
6.844000
6.893536
6.808256
6.776608
6.749088
6.753664
6.790912
6.771264
6.905984
6.852960
6.767168
6.834944
6.823232
Average: 6.82757 ms
