4.964384
4.973376
4.960864
4.968032
4.978752
4.973120
4.965376
4.966976
4.966304
4.967808
4.964608
4.964192
4.969888
5.005728
5.033248
5.024288
4.975104
4.968768
4.967552
4.971584
4.970816
4.995072
4.997184
4.966560
4.974560
4.970848
4.969984
4.968320
4.964992
4.972352
5.004384
4.966016
4.996640
4.984544
4.968736
4.968864
4.964512
4.968544
4.999520
4.996928
4.982400
4.973248
5.001984
4.970272
4.997760
4.999360
4.974688
5.051968
5.052000
4.983776
4.994528
5.021248
4.985312
4.971072
4.977888
5.011968
5.010144
5.117600
4.993088
5.052576
4.982560
4.982752
4.974080
5.025504
5.067136
4.982368
4.978080
5.011968
4.971616
4.970624
4.975136
4.967584
4.961568
4.963456
4.965568
4.973152
4.966464
4.966528
4.971648
4.973536
4.965216
4.966912
4.976192
4.964736
4.967840
5.030624
4.992128
4.958848
4.973824
4.969088
4.971328
4.965152
4.965184
4.959392
4.969536
4.956160
4.961472
4.971712
4.975456
4.969152
Average: 4.98283 ms
