15.484736
15.502848
15.415648
15.453696
15.427072
15.424512
15.431168
15.432448
15.428544
15.420832
15.423680
15.428832
15.432096
15.424640
15.455072
15.540768
15.423072
15.559072
15.433024
15.584736
15.434720
15.433344
15.427904
15.425952
15.423904
15.420320
15.432512
15.429344
15.417696
15.424672
15.422816
15.445696
15.431008
15.423808
15.426880
15.417152
15.425824
15.426176
15.427968
15.418976
15.422464
15.428288
15.422848
15.432576
15.419936
15.421344
15.426880
15.424384
15.432928
15.425664
15.430624
15.422112
15.420512
15.421248
15.426208
15.427936
15.419584
15.424448
15.422848
15.427360
15.429056
15.428672
15.423552
15.418912
15.435840
15.421376
15.421344
15.432448
15.423232
15.421120
15.428928
15.427072
15.427040
15.413600
15.425184
15.429152
15.423456
15.426976
15.423808
15.434848
15.430720
15.439936
15.428928
15.424384
15.420160
15.429248
15.425120
15.429824
15.427392
15.431456
15.427104
15.426208
15.423808
15.427808
15.433408
15.425568
15.423808
15.427456
15.429504
15.425184
Average: 15.4324 ms
