23.451937
23.123104
23.037600
23.084097
23.059393
23.121632
23.284576
23.320576
23.442688
23.254593
23.323616
23.308800
23.351168
23.342848
23.227776
23.343168
23.259457
23.324991
23.396641
23.333311
23.409311
23.292929
23.287712
23.450048
23.246143
23.278400
23.271904
23.329121
23.279808
23.207457
23.369087
23.417728
23.190687
23.296831
23.288288
23.375105
23.102016
23.272863
23.238752
23.239424
23.309664
23.181440
23.345184
23.314016
23.314625
23.323072
23.287136
23.323969
23.363905
23.388416
23.402016
23.300991
23.272673
23.371712
23.402431
23.201376
23.300129
23.381472
23.397760
23.398399
23.321024
23.374432
23.238848
23.353727
23.347456
23.345568
23.385504
23.294752
23.316641
23.342337
23.333759
23.265823
23.330656
23.348736
23.340609
23.223360
23.327936
23.295551
23.286432
23.362272
23.367777
23.311872
23.395552
23.435328
23.339905
23.256639
23.281025
23.419071
23.280479
23.296703
23.208609
23.258207
23.338976
23.260256
23.279552
23.395329
23.212193
23.329376
23.292929
23.212255
Average: 23.3042 ms
