0.144384 
0.134976 
0.139392 
0.122752 
0.131072 
0.131072 
0.124800 
0.123904 
0.134144 
0.128224 
0.123200 
0.123872 
0.125952 
0.130048 
0.132064 
0.131040 
0.133920 
0.134144 
0.121856 
0.128000 
0.123904 
0.133856 
0.130048 
0.152672 
0.130048 
0.120896 
0.128864 
0.131168 
0.132096 
0.128896 
0.122880 
0.123904 
0.122848 
0.122976 
0.122880 
0.146432 
0.153280 
0.135168 
0.194272 
0.130784 
0.134144 
0.135168 
0.127136 
0.127712 
0.129824 
0.134144 
0.127712 
0.129024 
0.119808 
0.120832 
0.121536 
0.124928 
0.122880 
0.128000 
0.123904 
0.129024 
0.124896 
0.121856 
0.132000 
0.145408 
0.139264 
0.131904 
0.131072 
0.122848 
0.126976 
0.120832 
0.130048 
0.124704 
0.120608 
0.129984 
0.125952 
0.122880 
0.128288 
0.123904 
0.131968 
0.128000 
0.129792 
0.123904 
0.130016 
0.129024 
0.131072 
0.123904 
0.123712 
0.123872 
0.128000 
0.132032 
0.131072 
0.123904 
0.121696 
0.122880 
0.131072 
0.122880 
0.129024 
0.130144 
0.120832 
0.129024 
0.129024 
0.141312 
0.134144 
0.124928 
Average: 0.129531
